{
 "cells": [
  {
   "cell_type": "code",
   "execution_count": 99,
   "metadata": {
    "collapsed": false
   },
   "outputs": [],
   "source": [
    "import numpy as np\n",
    "a = np.array([5,4,3,2,1])\n",
    "b = a + 0.5\n",
    "c = np.array([1.0,2.2,6,4,5])"
   ]
  },
  {
   "cell_type": "code",
   "execution_count": 100,
   "metadata": {
    "collapsed": false
   },
   "outputs": [],
   "source": [
    "d = np.vstack((a,b,c)).transpose()"
   ]
  },
  {
   "cell_type": "code",
   "execution_count": 101,
   "metadata": {
    "collapsed": false
   },
   "outputs": [
    {
     "data": {
      "text/plain": [
       "array([[ 5. ,  5.5,  1. ],\n",
       "       [ 4. ,  4.5,  2.2],\n",
       "       [ 3. ,  3.5,  6. ],\n",
       "       [ 2. ,  2.5,  4. ],\n",
       "       [ 1. ,  1.5,  5. ]])"
      ]
     },
     "execution_count": 101,
     "metadata": {},
     "output_type": "execute_result"
    }
   ],
   "source": [
    "d"
   ]
  },
  {
   "cell_type": "code",
   "execution_count": 102,
   "metadata": {
    "collapsed": false
   },
   "outputs": [
    {
     "data": {
      "text/plain": [
       "array([[ 5. ,  4. ,  3. ,  2. ,  1. ],\n",
       "       [ 5.5,  4.5,  3.5,  2.5,  1.5],\n",
       "       [ 1. ,  2.2,  6. ,  4. ,  5. ]])"
      ]
     },
     "execution_count": 102,
     "metadata": {},
     "output_type": "execute_result"
    }
   ],
   "source": [
    "d.transpose()"
   ]
  },
  {
   "cell_type": "code",
   "execution_count": 103,
   "metadata": {
    "collapsed": false
   },
   "outputs": [
    {
     "data": {
      "text/plain": [
       "array([[ 1.        ,  1.        , -0.76081087],\n",
       "       [ 1.        ,  1.        , -0.76081087],\n",
       "       [-0.76081087, -0.76081087,  1.        ]])"
      ]
     },
     "execution_count": 103,
     "metadata": {},
     "output_type": "execute_result"
    }
   ],
   "source": [
    "np.corrcoef(d.transpose())"
   ]
  },
  {
   "cell_type": "code",
   "execution_count": 80,
   "metadata": {
    "collapsed": false
   },
   "outputs": [],
   "source": [
    "D = d.transpose().dot(d) "
   ]
  },
  {
   "cell_type": "code",
   "execution_count": 69,
   "metadata": {
    "collapsed": false
   },
   "outputs": [
    {
     "data": {
      "text/plain": [
       "array([[ 55.  ,  62.5 ,  35.  ],\n",
       "       [ 62.5 ,  71.25,  42.5 ],\n",
       "       [ 35.  ,  42.5 ,  55.  ]])"
      ]
     },
     "execution_count": 69,
     "metadata": {},
     "output_type": "execute_result"
    }
   ],
   "source": [
    "D"
   ]
  },
  {
   "cell_type": "code",
   "execution_count": 67,
   "metadata": {
    "collapsed": false
   },
   "outputs": [
    {
     "data": {
      "text/plain": [
       "(array([  1.56106987e+02,  -1.45253793e-14,   2.51430130e+01]),\n",
       " array([[-0.57559335, -0.73363244, -0.36121426],\n",
       "        [-0.66340203,  0.67719918, -0.31827506],\n",
       "        [-0.47811091, -0.05643326,  0.87648459]]))"
      ]
     },
     "execution_count": 67,
     "metadata": {},
     "output_type": "execute_result"
    }
   ],
   "source": [
    "np.linalg.eig(D)"
   ]
  },
  {
   "cell_type": "code",
   "execution_count": 68,
   "metadata": {
    "collapsed": false
   },
   "outputs": [
    {
     "data": {
      "text/plain": [
       "array([[  3.04931225e+14,  -2.81474977e+14,   2.34562481e+13],\n",
       "       [ -2.81474977e+14,   2.59823055e+14,  -2.16519213e+13],\n",
       "       [  2.34562481e+13,  -2.16519213e+13,   1.80432677e+12]])"
      ]
     },
     "execution_count": 68,
     "metadata": {},
     "output_type": "execute_result"
    }
   ],
   "source": [
    "np.linalg.inv(D)"
   ]
  },
  {
   "cell_type": "code",
   "execution_count": null,
   "metadata": {
    "collapsed": true
   },
   "outputs": [],
   "source": []
  },
  {
   "cell_type": "code",
   "execution_count": null,
   "metadata": {
    "collapsed": true
   },
   "outputs": [],
   "source": []
  }
 ],
 "metadata": {
  "anaconda-cloud": {},
  "kernelspec": {
   "display_name": "Python [conda env:CarND-LeNet-Lab]",
   "language": "python",
   "name": "conda-env-CarND-LeNet-Lab-py"
  },
  "language_info": {
   "codemirror_mode": {
    "name": "ipython",
    "version": 3
   },
   "file_extension": ".py",
   "mimetype": "text/x-python",
   "name": "python",
   "nbconvert_exporter": "python",
   "pygments_lexer": "ipython3",
   "version": "3.5.2"
  }
 },
 "nbformat": 4,
 "nbformat_minor": 2
}
